,make,address,all,3d,our,over,remove,internet,order,mail,receive,will,people,report,addresses,free,business,email,you,credit,your,font,000,money,hp,hpl,george,650,lab,labs,telnet,857,data,415,85,technology,1999,parts,pm,direct,cs,meeting,original,project,re,edu,table,conference,;,(,[,!,$,#,average,longest,total,spam
[,-0.03330109663765272,-0.018526775218369793,-0.03312031639048939,-0.007148133209272096,-0.02638961997349598,-0.0151325679924583,-0.027653244527481323,-0.019547545837439145,0.013601457852353827,0.00735690950366893,-0.025182620799723603,-0.04496554764482639,-0.02828299059761175,-0.014348598321615728,-0.0031111526152726963,-0.02955990886749684,-0.03669070679569644,-0.017439038797577435,-0.06382634917837936,-0.012071316067276827,-0.04546947804674625,-0.0011366843759232454,-0.0004674531360624997,-0.02079831091314342,0.039722744927331834,0.06434914178054998,-0.017675909383891086,0.031978872855669256,0.0065747773064482725,0.004666877365178707,0.010718122849031113,0.013805306148527957,0.11310535871550864,0.013687072987456902,0.03443453119873223,0.0010167056212150405,0.0730100052773102,0.0017669785354149793,0.03847448501859619,0.01406459470757362,0.03440754432627778,0.011091402135539894,0.11554800004696344,-0.01073340707826518,0.0088375682870015,-0.003167743538637293,-0.004591596861229639,-0.006309557975172775,0.009069981672404774,0.02231616428514021,1.0,-0.03176905216568493,-0.026399829974158538,-0.006862580582939017,-0.008179589411252143,-0.013993786514377491,0.006015625945690779,-0.06470933654508174
!,0.05829199684392629,-0.014460549175908263,0.10814027886584382,-0.0031379975079540473,0.025509003408653336,0.06504326978833602,0.05370578275143455,0.031453862966566444,0.043638829157116824,0.03673670522438251,0.024992141019932627,0.013369079892129456,0.04073672246808357,-0.00849897784993568,0.01860685613973238,0.10426063746464004,0.07704941721079504,0.03934988505660412,0.15338142815012148,0.048350482236641346,0.0840174791778288,-0.0048384057515270034,0.07010334278810848,0.051075911616394236,-0.09086161605765006,-0.07836714400104197,-0.06749962215677643,-0.06349493698580384,-0.04232950874925752,-0.06169402328897076,-0.04527302102878957,-0.04152907330728981,-0.04849335885114929,-0.03862598584989816,-0.04882184368963955,-0.060378799542899764,-0.05457834812008723,-0.015125837583259904,-0.02484579448282468,-0.032509294557810285,-0.025910729235784146,-0.038093958851500534,-0.049361708744215055,-0.033837389745023976,0.06756901104308671,-0.028845286005007676,-0.01767903209705189,-0.02657594167572337,0.020539136565722222,-0.030354087112606093,-0.03176905216568493,1.0,0.14291296049389524,0.02092441172012368,0.05430810412976411,0.07739176723050775,0.03632119962467376,0.24188836701122146
$,0.11741852953038708,-0.009605491345341626,0.08761770312810185,0.010862393994980074,0.04158178940122541,0.10569211234910822,0.07012694545901295,0.057910444613846285,0.14936507131935975,0.07578557346445078,0.07022656700714458,0.016722527696183525,0.2059051790323266,0.0809528987958157,0.12385383774734686,0.04995278682236362,0.09832347651782404,0.06387164124678434,0.09146992182329061,0.03494768044688515,0.14164886367858062,-0.011036237071881911,0.3109707236884818,0.10469130911882304,-0.08663403644339612,-0.08119759048036816,-0.06872769002463755,-0.06144055656515049,-0.05023105366837652,-0.06547482435809311,-0.047474771437886434,-0.04348422679204346,-0.048100539800516456,-0.03984449174658528,-0.04894721581187122,-0.05793330595851408,-0.06389537211822645,-0.012908557263798092,-0.04451313986172597,-0.016724425868509855,-0.03660985309680236,-0.0436533663215418,-0.05469788636693249,-0.036241255806604256,-0.0493669320570365,-0.05010865513374743,-0.01854859570595036,-0.030750550657892613,0.0063920417443421775,0.04472188592365921,-0.026399829974158538,0.14291296049389524,1.0,0.012612955659843933,0.07999754895183869,0.18314411886454712,0.20194767812316314,0.3236288064980445
#,-0.008844367722567756,0.0019458862904689783,-0.0033357770137368925,-0.0002979275360431094,0.0020158810909494183,0.01989433322196045,0.04661163475917024,-0.008012231345282231,-0.0005222883341959907,0.04482959682805965,0.0011260850113860288,-0.030444722641018825,-0.014194517660344652,0.006545108024624179,-0.005446203493373394,0.03553444422429565,-0.0004664718691724338,0.020978160930475966,-0.002434249047261717,0.007213567339816847,-0.004355131016819006,0.18442754243000334,0.020139516113205125,0.0007029468720548645,0.058779707788200485,-0.020691404679678883,-0.02056052218321259,-0.011438030573341505,0.0020761474516073327,0.0825932869260924,0.00022538311092922287,-0.01073490140140071,-0.009928483871632898,-0.010634675725907362,-0.0096503891582489,0.0064523751418816555,-0.022637116981895418,-0.0036273594510975353,-0.01132635286395799,-0.010661490547209043,-0.011754659616712817,-0.00387325451022349,-0.013925345956105825,0.0011666627129324019,-0.02387832042190867,-0.015039926700831876,0.000308105176076273,-0.008574766891641649,0.05505702125715753,0.023321626779044296,-0.006862580582939017,0.02092441172012368,0.012612955659843933,1.0,0.013497452683830452,0.06165746556283197,0.04256785052727993,0.06506672853837846
average,0.04449086192583815,0.0020828422953459587,0.09739804114980567,0.005260463351490866,0.05266224670396275,-0.010278023819457152,0.04156543004265919,0.011253688495451043,0.1113078836380655,0.07367652471219534,0.029258042276291172,-0.010002395805262267,-0.013446384617938024,0.0030226209695213163,0.01738336180145666,0.01503649487534362,0.03812569475875171,-0.007979483901289776,-0.03059200576365799,0.06713953913825753,0.04106562725132495,0.021497320108595508,0.008372327491283296,0.007681086705292508,-0.01728531515057254,-0.024234392541466244,-0.025504100496652155,-0.01375714416840085,-0.014936126593525292,-0.01659850091935959,-0.010897387319795226,-0.010498142045600713,-0.015508978266550037,-0.0024041054680916034,-0.013707335105226313,-0.019185359564123667,-0.014423238058953233,-0.0060118356318821274,-0.014031633778190965,-0.003945359789834816,-0.008894589357183166,-0.01789851389640802,-0.017680732865338947,-0.01315650499110209,-0.026979197390465604,-0.01740819791447495,-0.0064645628411818205,-0.008113948198293997,0.003442747185224541,0.03436513442500176,-0.008179589411252143,0.05430810412976411,0.07999754895183869,0.013497452683830452,1.0,0.4926382972386769,0.16231360909777487,0.10999914323015574
longest,0.061382400549147544,0.00027120417994253644,0.10746273295985104,0.022080540256914846,0.05228961523938002,0.09017203641705775,0.059676610355161724,0.037574812487550145,0.1892470225117081,0.10330831587693907,0.08679141961547897,0.021774045999753914,0.0419618516255164,0.06099251571689269,0.21399205400503188,0.02652818416627846,0.06267193860258499,0.07512156478892396,0.006530175489849046,0.09946292489056692,0.08532137445589227,0.027774765840621454,0.12303583310336262,0.044869972731083764,-0.05120638169951005,-0.05180611959666971,-0.05439956232931664,-0.03877202788579849,-0.034732537202101364,-0.039001028504876786,-0.02744920590102761,-0.02773151954541691,-0.025918786559252983,-0.024531993574009054,-0.030235937868862344,-0.03810001639164172,-0.03320401807743218,-0.009486692158242627,-0.029229078375577287,-0.004834537231206799,-0.02365790996371588,-0.034584512539535206,-0.017279271098113894,-0.025918116473927763,-0.05185757794700877,-0.03336494948117754,-0.010153546588023515,-0.016893844110356746,0.040829277475488174,0.3709626383535449,-0.013993786514377491,0.07739176723050775,0.18314411886454712,0.06165746556283197,0.4926382972386769,1.0,0.4754859560610361,0.21609669406935564
total,0.08916477759939244,-0.022679697413732953,0.07011358570136578,0.021369114452693082,0.002492343893402436,0.08208901146119857,-0.008343516712666811,0.04025234587445517,0.24872417956431395,0.08727303977442111,0.11505523157446114,0.020076246838474844,0.10514965119790559,0.16925728151734235,0.15162557643907304,0.0030070152836865886,0.06426057727795137,0.04636426580118217,-0.007307373964330664,0.07575127701751454,0.05179690297166617,0.10395448106657801,0.16597657125032228,0.08099318359124061,-0.043267430053659045,-0.05960149086027769,-0.09654813565736164,-0.06759582213140085,-0.056628135619007355,-0.06411546463655812,-0.04592256610127395,-0.04679633432206497,0.006919178509307884,-0.04452870889417609,-0.04596303005363091,-0.04579150617726563,-0.0034898035915542566,-0.01389703669186107,-0.04925632495965964,-0.02880550781765837,-0.02637309540454496,-0.05651138754718682,-0.03652859323230894,-0.040660788889603866,-0.0954438398365779,-0.046371350095340685,0.005157712361103369,-0.010033259389035681,0.05529841995122218,0.11220926515133024,0.006015625945690779,0.03632119962467376,0.20194767812316314,0.04256785052727993,0.16231360909777487,0.4754859560610361,1.0,0.24916412436334212
spam,0.1262075747276322,-0.030223579212021543,0.1969879726831455,0.05737138961858829,0.2419204377148765,0.232604300172187,0.3321174156141586,0.20680847576170805,0.23155143128601532,0.13896211329514088,0.23452927138249544,0.007740737297956368,0.13292672586847548,0.060027316399873264,0.19590245671258405,0.26321469903669603,0.2632039828223917,0.20420813879714014,0.2736512865572106,0.1897611485080607,0.3832338192835756,0.09186009631515232,0.3347870388457389,0.21611098224724426,-0.2567229163126616,-0.23296768680660979,-0.1834040051933605,-0.15880024911827956,-0.13352318779632708,-0.1710945875471117,-0.1269121577048615,-0.11421403277162386,-0.11993101263694417,-0.11275418527472239,-0.14922521446054307,-0.13613420484603733,-0.17804545978118416,-0.03103528941229571,-0.12283065400904399,-0.06480120227695867,-0.09737483208339674,-0.13661537156641534,-0.13566428089524346,-0.09459404198218023,-0.14040846452155356,-0.1461381860642688,-0.044678563084814875,-0.08401980167055988,-0.05962966689696018,-0.08967198136960924,-0.06470933654508174,0.24188836701122146,0.3236288064980445,0.06506672853837846,0.10999914323015574,0.21609669406935564,0.24916412436334212,1.0
